341.00059206884947,539.9998839080687,799.9994079311505,450.00011609193126
341.0017762096033,539.9996517236071,799.9982237903967,450.0003482763928
341.00355242837134,539.9993034454174,799.9964475716287,450.0006965545826
341.0059207343185,539.9988390717023,799.9940792656815,450.00116092829774
341.0088811396652,539.9982586000657,799.9911188603348,450.00174139993436
341.01243365968753,539.9975620275123,799.9875663403125,450.00243797248777
341.0165783127178,539.9967493504475,799.9834216872822,450.0032506495525
341.02131512014495,539.9958205646775,799.9786848798551,450.00417943532256
341.0266441064153,539.9947756654088,799.9733558935848,450.0052243345912
341.0325652990331,539.9936146472485,799.967434700967,450.0063853527516
341.0390787285614,539.9923375042038,799.9609212714388,450.00766249579635
341.0461844286229,539.9909442296819,799.9538155713773,450.00905577031824
341.0538824359009,539.9894348164901,799.9461175640993,450.01056518351
341.0621727901404,539.9878092568352,799.9378272098597,450.0121907431648
341.071055534149,539.9860675423238,799.928944465851,450.01393245767633
341.08053071379857,539.9842096639611,799.9194692862014,450.015790336039
341.090598378026,539.9822356121518,799.909401621974,450.01776438784833
341.10125857883503,539.980145376699,799.898741421165,450.01985462330106
341.11251137129744,539.9779389468044,799.8874886287026,450.02206105319567
341.1243568135548,539.9756163110677,799.8756431864452,450.0243836889324
341.1367949668201,539.9731774574863,799.86320503318,450.02682254251386
341.1498258953794,539.9706223734551,799.8501741046206,450.0293776265451
341.1634496665938,539.967951045766,799.8365503334062,450.0320489542342
341.1776663509011,539.9651634606076,799.8223336490989,450.0348365393925
341.19247602181815,539.9622596035651,799.807523978182,450.037740396435
341.20787875594266,539.9592394596192,799.7921212440575,450.04076054038103
341.2238746329555,539.956103013146,799.7761253670446,450.0438969868541
341.2404637356231,539.9528502479171,799.7595362643771,450.04714975208304
341.2576461497995,539.9494811470983,799.7423538502007,450.0505188529019
341.27542196442903,539.9459956932493,799.7245780355712,450.05400430675087
341.29379127154886,539.9423938683238,799.7062087284514,450.0576061316763
341.3127541662915,539.9386756536684,799.6872458337087,450.06132434633173
341.3323107468876,539.9348410300221,799.6676892531126,450.06515896997803
341.3524611146687,539.930889977516,799.6475388853315,450.06911002248415
341.3732053740702,539.9268224756726,799.62679462593,450.0731775243276
341.39454363263434,539.9226385034051,799.6054563673658,450.0773614965951
341.41647600101317,539.918338039017,799.583523998987,450.08166196098307
341.43900259297186,539.9139210602016,799.5609974070283,450.0860789397985
341.4621235253918,539.9093875440408,799.5378764746083,450.0906124559593
341.4858389182741,539.904737467005,799.514161081726,450.09526253299504
341.51014889474305,539.8999708049523,799.4898511052571,450.10002919504774
341.5350535810494,539.8950875331276,799.4649464189507,450.1049124668725
341.5605531065743,539.890087626162,799.4394468934258,450.1099123738382
341.5866476038327,539.8849710580721,799.4133523961674,450.1150289419281
341.61333720847756,539.8797378022593,799.3866627915226,450.1202621977408
341.6406220593034,539.8743878315092,799.3593779406967,450.12561216849093
341.6685022982503,539.8689211179902,799.3314977017498,450.13107888200994
341.6969780704083,539.8633376332533,799.3030219295918,450.1366623667468
341.7260495240212,539.8576373482312,799.2739504759788,450.14236265176896
341.7557168104912,539.851820233237,799.2442831895089,450.14817976676306
341.78598008438286,539.8458862579641,799.2140199156173,450.1541137420359
341.81683950342784,539.8398353914847,799.1831604965723,450.16016460851534
341.8482952285295,539.8336676022491,799.1517047714707,450.166332397751
341.88034742376726,539.8273828580848,799.119652576233,450.1726171419152
341.91299625640164,539.8209811261956,799.0870037435985,450.1790188738043
341.946241896879,539.8144623731608,799.0537581031211,450.18553762683905
341.9800845188363,539.8078265649339,799.0199154811638,450.19217343506597
342.0145242991065,539.8010736668417,798.9854757008936,450.19892633315817
342.04956141772334,539.7942036435835,798.9504385822768,450.2057963564164
342.08519605792674,539.7872164592299,798.9148039420734,450.21278354077
342.12142840616804,539.7801120772217,798.878571593832,450.21988792277807
342.15825865211553,539.7728904603692,798.8417413478845,450.22710953963053
342.1956869886599,539.7655515708508,798.8043130113401,450.23444842914904
342.23371361191977,539.7580953702115,798.7662863880802,450.2419046297882
342.27233872124765,539.7505218193629,798.7276612787523,450.2494781806368
342.31156251923545,539.742830878581,798.6884374807645,450.2571691214187
342.35138521172064,539.7350225075055,798.6486147882794,450.2649774924942
342.3918070077921,539.7270966651386,798.6081929922079,450.27290333486116
342.4328281197964,539.7190533098436,798.5671718802037,450.2809466901561
342.4744487633438,539.7108923993442,798.5255512366563,450.2891076006556
342.5166691573147,539.7026138907224,798.4833308426854,450.29738610927734
342.55948952386615,539.6942177404183,798.440510476134,450.3057822595815
342.60291008843814,539.6857039042277,798.397089911562,450.3142960957721
342.6469310797604,539.6770723373018,798.3530689202398,450.322927662698
342.6915527298591,539.6683229941451,798.3084472701412,450.3316770058546
342.7367752740636,539.6594558286148,798.2632247259367,450.34054417138486
342.7825989510134,539.6504707939188,798.2174010489869,450.3495292060809
342.8290240026654,539.6413678426145,798.1709759973348,450.3586321573852
342.87605067430064,539.6321469266076,798.1239493256995,450.36785307339215
342.92367921453194,539.6228079971504,798.0763207854682,450.37719200284926
342.971909875311,539.6133510048408,798.0280901246891,450.38664899515885
343.02074291193594,539.6037758996201,797.9792570880642,450.3962241003794
343.0701785830589,539.5940826307725,797.9298214169412,450.40591736922704
343.12021715069375,539.5842711469226,797.8797828493064,450.415728853077
343.17085888022376,539.5743413960344,797.8291411197764,450.42565860396525
343.2221040404096,539.5642933254097,797.7778959595906,450.43570667458994
343.27395290339723,539.5541268816867,797.726047096603,450.445873118313
343.3264057447262,539.5438420108378,797.673594255274,450.4561579891618
343.37946284333765,539.5334386581688,797.6205371566625,450.4665613418307
343.43312448158287,539.5229167683168,797.5668755184173,450.4770832316827
343.4873909452316,539.5122762852484,797.5126090547686,450.48772371475104
343.5422625234806,539.5015171522584,797.4577374765196,450.49848284774106
343.5977395089624,539.4906393119679,797.4022604910377,450.5093606880316
343.653822197754,539.4796427063225,797.3461778022461,450.520357293677
343.7105108893859,539.4685272765907,797.2894891106141,450.5314727234088
343.76780588685097,539.4572929633623,797.232194113149,450.54270703663724
343.8257074966137,539.445939706546,797.1742925033863,450.55406029345346
343.88421602861933,539.4344674453685,797.1157839713806,450.56553255463103
343.9433317963034,539.4228761183716,797.0566682036965,450.5771238816279
344.00305511660105,539.4111656634113,796.9969448833989,450.58883433658826
344.0633863099567,539.3993360176553,796.9366136900433,450.60066398234426
344.12432570033377,539.3873871175814,796.8756742996661,450.6126128824182
344.18587361522464,539.3753188989754,796.8141263847752,450.62468110102424
344.24803038566034,539.3631312969292,796.7519696143396,450.63686870307043
344.3107963462209,539.3508242458389,796.689203653779,450.64917575416075
344.37417183504544,539.3383976794028,796.6258281649544,450.66160232059696
344.4381571938425,539.325851530619,796.5618428061574,450.67414846938067
344.5027527679006,539.3131857317842,796.4972472320994,450.6868142682156
344.5679589060985,539.3004002144904,796.4320410939015,450.6995997855093
344.63377596091647,539.2874949096241,796.3662240390836,450.71250509037554
344.70020428844657,539.2744697473634,796.2997957115535,450.72553025263636
344.76724424840387,539.2613246571757,796.2327557515963,450.7386753428241
344.8348962041375,539.2480595678162,796.1651037958626,450.75194043218363
344.90316052264194,539.2346744073251,796.0968394773581,450.7653255926747
344.9720375745682,539.2211691030258,796.0279624254318,450.77883089697394
345.04152773423544,539.2075435815224,795.9584722657646,450.79245641847734
345.11163137964246,539.1937977686974,795.8883686203576,450.8062022313023
345.1823488924796,539.1799315897098,795.8176511075204,450.82006841028993
345.2536806581404,539.165944968992,795.7463193418596,450.8340550310077
345.32562706573384,539.1518378302482,795.6743729342661,450.8481621697515
345.39818850809627,539.1376100964516,795.6018114919036,450.86238990354803
345.4713653818038,539.1232616898423,795.5286346181961,450.87673831015735
345.5451580871848,539.1087925319245,795.454841912815,450.8912074680752
345.6195670283322,539.0942025434641,795.3804329716676,450.9057974565355
345.69459261311647,539.0794916444868,795.3054073868833,450.92050835551277
345.77023525319817,539.0646597542747,795.2297647468016,450.9353402457249
345.84649536404123,539.0497067913642,795.1535046359586,450.9502932086353
345.9233733649258,539.0346326735437,795.076626635074,450.9653673264558
346.00086967896164,539.0194373178504,794.9991303210381,450.9805626821491
346.0789847331015,539.0041206405681,794.9210152668983,450.99587935943146
346.15771895815465,538.9886825572244,794.8422810418451,451.01131744277524
346.2370727888007,538.9731229825879,794.7629272111991,451.0268770174117
346.3170466636031,538.9574418306659,794.6829533363967,451.04255816933374
346.3976410250235,538.9416390147011,794.6023589749763,451.0583609852985
346.47885631943586,538.9257144471693,794.5211436805639,451.07428555283036
346.5606929971404,538.9096680397763,794.4393070028594,451.0903319602234
346.6431515123784,538.8934997034552,794.3568484876215,451.1065002965446
346.7262323233466,538.8772093483634,794.2737676766533,451.1227906516364
346.80993589221214,538.86079688388,794.1900641077877,451.13920311611986
346.89426268512716,538.8442622186025,794.1057373148727,451.1557377813973
346.9792131722442,538.8276052603442,794.0207868277557,451.17239473965554
347.06478782773115,538.8108259161311,793.9352121722687,451.1891740838687
347.1509871297868,538.7939240921986,793.8490128702131,451.20607590780116
347.2378115606563,538.7768996939889,793.7621884393436,451.22310030601085
347.3252616066469,538.7597526261476,793.6747383933531,451.2402473738521
347.4133377581437,538.7424827925207,793.5866622418563,451.25751720747894
347.50204050962583,538.7250900961517,793.4979594903741,451.27490990384797
347.5913703596826,538.7075744392778,793.4086296403174,451.2924255607218
347.68132781102986,538.6899357233274,793.3186721889701,451.3100642766723
347.7719133705264,538.6721738489163,793.2280866294736,451.32782615108334
347.8631275491909,538.6542887158448,793.1368724508092,451.3457112841548
347.95497086221854,538.6362802230943,793.0450291377815,451.3637197769053
348.0474438289982,538.6181482688238,792.9525561710018,451.38185173117586
348.1405469731297,538.5998927503666,792.8594530268704,451.400107249633
348.234280822441,538.5815135642272,792.765719177559,451.4184864357724
348.328645909006,538.5630106060772,792.6713540909941,451.43698939392243
348.42364276916214,538.5443837707525,792.576357230838,451.45561622924714
348.51927194352834,538.5256329522493,792.4807280564718,451.4743670477503
348.61553397702323,538.5067580437209,792.3844660229769,451.4932419562787
348.71242941888323,538.4877589374738,792.2875705811168,451.5122410625258
348.80995882268127,538.4686355249644,792.1900411773188,451.5313644750352
348.9081227463452,538.4493876967949,792.0918772536548,451.5506123032046
349.0069217521769,538.4300153427102,791.9930782478232,451.56998465728924
349.106356406871,538.4105183515937,791.8936435931291,451.58948164840575
349.20642728153445,538.3908966114636,791.7935727184657,451.60910338853586
349.30713495170573,538.3711500094693,791.6928650482944,451.6288499905302
349.40847999737457,538.3512784318872,791.5915200026255,451.64872156811236
349.51046300300163,538.3312817641172,791.4895369969985,451.66871823588235
349.6130845575387,538.3111598906786,791.3869154424614,451.688840109321
349.7163452544487,538.2909126952061,791.2836547455513,451.70908730479357
349.8202456917263,538.2705400604458,791.1797543082737,451.7294599395539
349.9247864719185,538.2500418682513,791.0752135280816,451.7499581317485
350.02996820214514,538.2294179995794,790.970031797855,451.7705820004204
350.13579149412044,538.2086683344862,790.8642085058797,451.7913316655136
350.2422569641738,538.1877927521228,790.7577430358263,451.81220724787704
350.34936523327156,538.1667911307311,790.6506347667286,451.83320886926873
350.4571169270384,538.1456633476396,790.5428830729617,451.85433665236025
350.56551267577936,538.124409279259,790.4344873242206,451.87559072074083
350.67455311450203,538.103028801078,790.325446885498,451.89697119892173
350.7842388829386,538.0815217876591,790.2157611170613,451.9184782123407
350.89457062556863,538.0598881126336,790.1054293744313,451.9401118873662
351.00554899164166,538.0381276486978,789.9944510083583,451.9618723513021
351.11717463520023,538.0162402676079,789.8828253647997,451.983759732392
351.22944821510305,537.994225840176,789.7705517848968,452.00577415982394
351.34237039504853,537.9720842362651,789.6576296049514,452.0279157637348
351.4559418435984,537.9498153247847,789.5440581564014,452.0501846752152
351.5701632342016,537.927418973686,789.4298367657982,452.07258102631386
351.68503524521833,537.9048950499573,789.3149647547814,452.09510495004264
351.80055855994465,537.8822434196188,789.1994414400551,452.1177565803811
351.91673386663683,537.8594639477184,789.0832661333629,452.14053605228156
352.03356185853636,537.8365564983263,788.9664381414634,452.1634435016736
352.15104323389505,537.8135209345305,788.8489567661047,452.1864790654694
352.2691786960003,537.7903571184314,788.7308213039995,452.2096428815685
352.3879689532008,537.7670649111373,788.612031046799,452.23293508886275
352.5074147189323,537.7436441727585,788.4925852810675,452.25635582724146
352.6275167117437,537.7200947624034,788.372483288256,452.27990523759667
352.7482756553234,537.6964165381721,788.2517243446763,452.303583461828
352.86969227852626,537.6726093571519,788.1303077214735,452.3273906428482
352.99176731539984,537.648673075412,788.0082326846,452.3513269245881
353.11450150521205,537.6246075479979,787.8854984947877,452.37539245200225
353.2378955924784,537.600412628926,787.7621044075213,452.39958737107406
353.3619503269898,537.5760881711788,787.6380496730098,452.4239118288214
353.4866664638403,537.5516340266983,787.5133335361593,452.4483659733019
353.6120447634556,537.5270500463815,787.387955236544,452.47294995361864
353.7380859916212,537.5023360800745,787.2619140083784,452.4976639199256
353.8647909195115,537.4774919765666,787.135209080488,452.52250802343355
353.9921603237189,537.4525175835848,787.0078396762807,452.5474824164154
354.1201949862829,537.427412747788,786.8798050137167,452.57258725221226
354.24889569472,537.4021773147612,786.7511043052796,452.5978226852391
354.37826324205344,537.3768111290095,786.6217367579461,452.62318887099076
354.5082984268437,537.3513140339526,786.4917015731559,452.64868596604765
354.6390020532188,537.3256858719183,786.3609979467807,452.674314128082
354.77037493090535,537.2999264841366,786.2296250690941,452.70007351586366
354.90241787525946,537.2740357107338,786.09758212474,452.7259642892664
355.03513170729843,537.2480133907261,785.9648682927011,452.75198660927407
355.1685172537324,537.2218593620136,785.8314827462672,452.7781406379866
355.30257534699643,537.1955734613736,785.6974246530032,452.8044265386266
355.43730682528303,537.1691555244546,785.5626931747166,452.8308444755456
355.5727125325747,537.1426053857699,785.427287467425,452.8573946142302
355.7087933186771,537.115922878691,785.2912066813226,452.8840771213091
355.84555003925243,537.0891078354409,785.1544499607472,452.91089216455913
355.9829835558531,537.0621600870878,785.0170164441466,452.9378399129122
356.1210947359557,537.0350794635383,784.878905264044,452.9649205364617
356.25988445299566,537.0078657935304,784.740115547004,452.99213420646953
356.3993535864016,536.9805189046273,784.600646413598,453.01948109537267
356.53950302163076,536.9530386232097,784.460496978369,453.04696137679014
356.6803336502041,536.9254247744699,784.3196663497956,453.07457522553
356.8218463697424,536.8976771824035,784.1781536302574,453.1023228175963
356.9640420840021,536.8697956698036,784.0359579159976,453.13020433019625
357.10692170291196,536.8417800582527,783.8930782970878,453.15821994174723
357.25048614261004,536.8136301681158,783.7495138573897,453.1863698318841
357.39473632548066,536.7853458185333,783.6052636745192,453.2146541814666
357.53967318019215,536.7569268274134,783.4603268198077,453.2430731725865
357.68529764173485,536.7283730114247,783.3147023582651,453.27162698857524
357.8316106514594,536.6996841859884,783.1683893485405,453.3003158140114
357.9786131571157,536.6708601652715,783.0213868428842,453.3291398347283
358.12630611289177,536.6419007621781,782.8736938871082,453.35809923782165
358.2746904794534,536.6128057883425,782.7253095205465,453.3871942116573
358.4237672239842,536.5835750541207,782.5762327760157,453.41642494587904
358.5735373202259,536.5542083685831,782.426462679774,453.4457916314166
358.72400174851896,536.524705539506,782.2759982514809,453.47529446049367
358.8751614958438,536.4950663733639,782.1248385041561,453.5049336266358
359.0270175558625,536.4652906753211,781.9729824441373,453.5347093246787
359.1795709289608,536.4353782492234,781.820429071039,453.5646217507764
359.3328226222902,536.4053288975902,781.6671773777097,453.5946711024096
359.4867736498113,536.3751424216056,781.5132263501886,453.62485757839414
359.6414250323368,536.3448186211103,781.358574967663,453.6551813788893
359.7967777975754,536.3143572945929,781.2032222024244,453.6856427054067
359.95283298017574,536.2837582391811,781.0471670198241,453.7162417608185
360.1095916217714,536.253021250633,780.8904083782284,453.7469787493667
360.26705477102576,536.2221461233282,780.732945228974,453.7778538766715
360.4252234836776,536.1911326502592,780.5747765163221,453.80886734974047
360.58409882258724,536.159980623022,780.4159011774125,453.84001937697764
360.74368185778286,536.1286898318072,780.2563181422169,453.87131016819245
360.9039736665076,536.0972600653905,780.0960263334921,453.9027399346091
361.0649753332672,536.0656911111239,779.9350246667325,453.93430888887565
361.2266879498776,536.0339827549258,779.7733120501222,453.9660172450738
361.3891126155136,536.0021347812717,779.6108873844862,453.9978652187279
361.55225043675796,535.9701469731846,779.4477495632418,454.02985302681503
361.71610252765055,535.9380191122252,779.2838974723492,454.0619808877744
361.88067000973865,535.9057509784825,779.1193299902611,454.09424902151716
362.0459540121272,535.8733423505632,778.9540459878726,454.1266576494365
362.21195567153,535.8407930055823,778.7880443284698,454.15920699441745
362.37867613232123,535.8081027191527,778.6213238676786,454.1918972808471
362.54611654658754,535.775271265375,778.4538834534123,454.2247287346248
362.71427807418064,535.7422984168273,778.2857219258192,454.2577015831725
362.8831618827707,535.7091839445548,778.1168381172291,454.2908160554451
363.05276914789994,535.6759276180588,777.9472308520999,454.324072381941
363.22310105303694,535.6425292052869,777.7768989469629,454.357470794713
363.39415878963166,535.6089884726213,777.6058412103681,454.3910115273786
363.56594355717095,535.5753051848685,777.4340564428288,454.42469481513143
363.7384565632345,535.5414791052482,777.2615434367652,454.45852089475176
363.9116990235515,535.5075099953821,777.0883009764482,454.4924900046178
364.085672162058,535.4733976152827,776.9143278379416,454.52660238471714
364.2603772109549,535.4391417233421,776.7396227890448,454.5608582766577
364.4358154107661,535.4047420763203,776.5641845892336,454.5952579236795
364.6119880103979,535.3701984293336,776.3880119896019,454.62980157066613
364.7888962671987,535.3355105358432,776.2111037328011,454.6644894641565
364.9665414470193,535.3006781476431,776.0334585529805,454.6993218523566
365.1449248242742,535.265701014848,775.8550751757257,454.73429898515167
365.32404768200286,535.2305788858816,775.675952317997,454.7694211141181
365.5039113119325,535.1953115074641,775.4960886880674,454.80468849253566
365.6845170145408,535.1598986245997,775.3154829854591,454.8401013754
365.86586609912,535.1243399805645,775.1341339008799,454.87566001943514
366.0479598838409,535.0886353168937,774.952040116159,454.9113646831059
366.23079969581823,535.0527843733688,774.7692003041817,454.94721562663085
366.4143868711763,535.0167868880045,774.5856131288236,454.98321311199516
366.5987227551158,534.980642597036,774.4012772448841,455.0193574029637
366.7838087019807,534.9443512349056,774.2161912980191,455.0556487650941
366.9696460753267,534.9079125342496,774.0303539246731,455.0920874657501
367.15623624798945,534.8713262258843,773.8437637520103,455.1286737741154
367.34358060215453,534.8345920387932,773.6564193978452,455.1654079612066
367.5316805294274,534.7977097001123,773.4683194705723,455.2022902998876
367.7205374309045,534.7606789351167,773.2794625690951,455.2393210648831
367.91015271724535,534.7234994672068,773.0898472827542,455.2765005327931
368.1005278087447,534.6861710178932,772.8994721912549,455.31382898210666
368.29166413540634,534.6486933067831,772.7083358645932,455.35130669321677
368.4835631370172,534.6110660515653,772.5164368629823,455.3889339484346
368.6762262632225,534.5732889679957,772.3237737367771,455.4267110320043
368.8696549736014,534.5353617698822,772.1303450263981,455.46463823011777
369.06385073774425,534.4972841690699,771.9361492622553,455.5027158309301
369.2588150353297,534.4590558754256,771.7411849646699,455.54094412457425
369.45454935620353,534.4206765968229,771.545450643796,455.57932340317694
369.65105520045796,534.3821460391259,771.3489447995415,455.6178539608739
369.84833407851187,534.3434639061742,771.1516659214876,455.65653609382565
370.046387511192,534.3046298997663,770.9536124888075,455.6953701002335
370.2452170298151,534.2656437196441,770.7547829701845,455.73435628035566
370.44482417627086,534.2265050634763,770.5551758237286,455.77349493652343
370.6452105031061,534.187213626842,770.3547894968933,455.8127863731578
370.8463775736096,534.1477691032138,770.1536224263898,455.8522308967859
371.0483269618979,534.1081711839416,769.9516730381015,455.89182881605814
371.25106025300244,534.0684195582348,769.7489397469969,455.93158044176494
371.4545790429573,534.0285139131456,769.5454209570421,455.9714860868541
371.6588849388881,533.9884539335513,769.3411150611113,456.0115460664484
371.8639795591021,533.9482393021368,769.1360204408973,456.0517606978629
372.0698645331791,533.9078696993766,768.9301354668203,456.09213030062307
372.27654150206337,533.867344803517,768.723458497936,456.13265519648274
372.4840121181569,533.8266642905575,768.5159878818424,456.17333570944226
372.6922780454136,533.7858278342326,768.3077219545856,456.2141721657671
372.90134095943455,533.7448351059932,768.0986590405647,456.2551648940065
373.11120254756435,533.7036857749873,767.8887974524349,456.29631422501234
373.32186450898877,533.6623795080413,767.6781354910105,456.3376204919583
373.5333285548334,533.6209159696405,767.4666714451658,456.37908403035925
373.74559640826357,533.579294821909,767.2544035917357,456.42070517809066
373.95866980458527,533.537515724591,767.041330195414,456.46248427540866
374.1725504913474,533.4955783350298,766.8274495086519,456.50442166496987
374.38724022844536,533.4534823081478,766.6127597715539,456.5465176918518
374.6027407882256,533.4112272964262,766.3972592117736,456.58877270357345
374.81905395559164,533.3688129498838,766.1809460444076,456.63118705011584
375.03618152811123,533.3262389160565,765.9638184718881,456.6737610839432
375.25412531612477,533.2835048399754,765.7458746838746,456.7164951600243
375.4728871428552,533.2406103641459,765.5271128571442,456.7593896358538
375.69246884451917,533.1975551285256,765.3075311554802,456.80244487147417
375.9128722704394,533.154338770502,765.08712772956,456.84566122949775
376.13409928315843,533.1109609248708,764.865900716841,456.88903907512895
376.3561517585541,533.0674212238129,764.6438482414453,456.9325787761869
376.579031585956,533.0237192968713,764.4209684140435,456.97628070312845
376.80274066826337,532.9798547709287,764.1972593317362,457.0201452290711
377.0272809220649,532.9358272701833,763.9727190779347,457.0641727298165
377.2526542777594,532.8916364161255,763.7473457222402,457.1083635838743
377.47886267967846,532.8472818275139,763.5211373203211,457.15271817248583
377.70590808621023,532.8027631203508,763.2940919137893,457.1972368796489
377.9337924699251,532.7580799078578,763.0662075300745,457.24192009214204
378.1625178177025,532.7132318004504,762.8374821822971,457.2867681995494
378.3920861308598,532.6682184057137,762.6079138691398,457.3317815942861
378.6224994252824,532.6230393283759,762.3775005747171,457.37696067162386
378.85375973155556,532.577694170283,762.146240268444,457.42230582971666
379.085869095098,532.5321825303728,761.9141309049015,457.46781746962694
379.31882957629716,532.4865040046475,761.6811704237024,457.51349599535223
379.5526432506459,532.4406581861477,761.4473567493536,457.559341813852
379.78731220888125,532.3946446649251,761.2126877911182,457.6053553350746
380.022838557125,532.3484630280145,760.9771614428745,457.65153697198514
380.25922441702556,532.3021128594065,760.7407755829739,457.6978871405931
380.4964719259021,532.255593740019,760.5035280740974,457.7444062599806
380.73458323689044,532.2089052476683,760.265416763109,457.7910947523313
380.9735605190907,532.1620469570408,760.0264394809087,457.83795304295876
381.213405957717,532.1150184396631,759.7865940422824,457.8849815603365
381.4541217542487,532.0678192638726,759.5458782457507,457.932180736127
381.6957101265844,532.0204489947872,759.304289873415,457.97955100521244
381.938173309197,531.972907194275,759.0618266908024,458.0270928057247
382.1815135532914,531.9251934209232,758.818486446708,458.07480657907655
382.425733126964,531.877307230007,758.5742668730353,458.12269276999274
382.6708343153646,531.8292481734578,758.3291656846347,458.17075182654185
382.91681942085967,531.7810157998313,758.0831805791396,458.21898420016834
383.16369076319893,531.7326096542746,757.8363092368003,458.26739034572506
383.41145067968296,531.6840292784934,757.5885493203162,458.31597072150623
383.66010152533386,531.6352742107188,757.3398984746653,458.3647257892809
383.90964567306764,531.5863439856729,757.0903543269316,458.41365601432676
384.1600855138694,531.5372381345353,756.8399144861298,458.46276186546436
384.4114234569703,531.4879561849077,756.5885765430289,458.512043815092
384.6636619300274,531.4384976607789,756.3363380699718,458.56150233922085
384.9168033793056,531.388862082489,756.0831966206936,458.6111379175107
385.17085026986217,531.3390489666937,755.8291497301369,458.6609510333061
385.4258050857338,531.2890578263267,755.5741949142653,458.7109421736731
385.68167033012605,531.2388881705635,755.318329669873,458.7611118294363
385.93844852560534,531.1885395047833,755.0615514743938,458.8114604952165
386.19614221429384,531.1380113305306,754.8038577857053,458.86198866946916
386.45475395806693,531.0873031454771,754.5452460419322,458.9126968545227
386.71428633875314,531.0364144433818,754.285713661246,458.96358555661806
386.974741958337,530.9853447140516,754.0252580416621,459.0146552859482
387.23612343916477,530.9340934433011,753.7638765608343,459.06590655669874
387.498433424153,530.8826601129113,753.501566575846,459.1173398870886
387.76167457699984,530.8310442005884,753.2383254229992,459.1689557994115
388.02584958239936,530.7792451799219,752.9741504175996,459.22075482007807
388.29096114625906,530.7272625203416,752.7090388537399,459.2727374796584
388.5570119959201,530.6750956870748,752.4429880040789,459.3249043129253
388.824004880381,530.6227441411021,752.175995119618,459.377255858898
389.091942570524,530.5702073391133,751.9080574294751,459.42979266088685
389.3608278593453,530.5174847334621,751.6391721406538,459.4825152665381
389.6306635621879,530.4645757721204,751.3693364378112,459.5354242278798
389.90145251697834,530.411479898632,751.0985474830208,459.5885201013681
390.1731975844662,530.3581965520658,750.8268024155329,459.64180344793436
390.4459016484677,530.3047251669675,750.5540983515314,459.6952748330327
390.71956761611244,530.2510651733116,750.2804323838866,459.7489348266885
390.99419841809356,530.1972159964527,750.0058015819054,459.8027840035476
391.26979700892196,530.1431770570746,749.730202991077,459.8568229429257
391.5463663671839,530.0889477711409,749.453633632815,459.91105222885943
391.82390949580247,530.0345275498431,749.1760905041965,459.96547245015716
392.1024294223027,529.979915799549,748.8975705776962,460.0200842004513
392.38192919908096,529.9251119217492,748.618070800918,460.074888078251
392.662411903678,529.8701153130047,748.3375880963209,460.12988468699547
392.9438806390561,529.8149253648913,748.0561193609428,460.18507463510883
393.2263385338803,529.7595414639454,747.7736614661186,460.24045853605475
393.5097887428041,529.7039629916075,747.4902112571948,460.2960370083928
393.794234446759,529.6481893241653,747.20576555324,460.3518106758349
394.07967885324854,529.5922198326967,746.9203211467504,460.40778016730343
394.36612519664703,529.5360538830107,746.6338748033519,460.4639461169894
394.65357673850247,529.479690835588,746.3464232614965,460.520309164412
394.942036767844,529.423130045521,746.057963232155,460.576869954479
395.23150860149445,529.3663708624523,745.7684913985046,460.6336291375477
395.5219955843872,529.3094126305125,745.4780044156118,460.69058736948745
395.8135010898881,529.2522546882574,745.1864989101109,460.74774531174256
396.10602852012255,529.1948963686036,744.8939714798765,460.8051036313964
396.39958130630697,529.1373369987635,744.6004186936922,460.86266300123646
396.6941629090861,529.0795759001794,744.305837090913,460.9204240998206
396.9897768188753,529.021612388456,744.0102231811237,460.97838761154395
397.286426556208,528.9634457732927,743.713573443791,461.0365542267072
397.5841156720888,528.9050753584141,743.4158843279102,461.0949246415858
397.8828477483519,528.8465004414998,743.1171522516472,461.15349955850013
398.1826263980255,528.7877203141128,742.8173736019736,461.2122796858871
398.4834552657017,528.7287342616272,742.5165447342974,461.2712657383726
398.78533802791236,528.6695415631546,742.2146619720868,461.3304584368453
399.0882783935109,528.6101414914685,741.9117216064883,461.3898585085313
399.3922801040603,528.5505333129295,741.6077198959389,461.4494666870704
399.6973469342272,528.4907162874066,741.302653065772,461.50928371259334
400.00348269218244,528.4306896681996,740.9965173078167,461.56931033180024
400.31069122000815,528.3704527019593,740.689308779991,461.62954729804056
400.6189763941111,528.3100046286057,740.3810236058881,461.6899953713941
400.92834212564327,528.2493446812465,740.071657874356,461.75065531875333
401.2387923609289,528.1884720860925,739.7612076390703,461.8115279139074
401.55033108189895,528.1273860623729,739.4496689181003,461.872613937627
401.86296230653204,528.0660858222487,739.1370376934673,461.93391417775115
402.1766900893035,528.0045705707249,738.8233099106958,461.99542942927496
402.49151852164135,527.9428395055606,738.5084814783579,462.05716049443924
402.80745173239006,527.8808918171785,738.1925482676091,462.1191081828213
403.12449388828196,527.8187266885723,737.8755061117172,462.18127331142756
403.44264919441673,527.7563432952126,737.5573508055824,462.2436567047873
403.76192189474887,527.6937408049514,737.2380781052502,462.30625919504854
404.0823162725833,527.630918377925,736.9176837274158,462.3690816220749
404.4038366510797,527.5678751664551,736.5961633489194,462.4321248335448
404.7264873937653,527.5046103149481,736.2735126062338,462.49538968505175
405.0502729050563,527.441122959793,735.9497270949428,462.5588770402068
405.3751976307884,527.3774122292573,735.6248023692107,462.62258777074254
405.70126605875663,527.3134772433812,735.2987339412424,462.6865227566187
406.0284827192643,527.2493171138699,734.9715172807348,462.75068288613
406.3568521856815,527.1849309439841,734.6431478143177,462.8150690560157
406.6863790750137,527.1203178284288,734.3136209249855,462.87968217157106
407.01706804848,527.0554768532394,733.9829319515192,462.9445231467605
407.3489238121016,526.9904070956666,733.6510761878976,463.0095929043334
407.6819511173008,526.9251076240589,733.3180488826983,463.0748923759411
408.01615476151073,526.8595774977432,732.9838452384885,463.14042250225674
408.3515395887956,526.793815766903,732.6484604112036,463.2061842330969
408.68811049048253,526.7278214724546,732.3118895095166,463.27217852754535
409.02587240580436,526.6615936459209,731.9741275941948,463.33840635407904
409.36483032255427,526.5951313093033,731.6351696774449,463.4048686906967
409.7049892777523,526.5284334749507,731.2950107222468,463.47156652504924
410.0463543583239,526.4614991454268,730.9536456416752,463.5385008545731
410.3889307017911,526.3943273133744,730.611069298208,463.6056726866255
410.7327234969759,526.3269169613774,730.2672765030233,463.6730830386225
411.07773798471743,526.2592670618202,729.9222620152817,463.7407329381797
411.42397945860176,526.1913765767448,729.5760205413974,463.808623423255
411.7714532657054,526.1232444577049,729.2285467342938,463.876755542295
412.1201648073531,526.0548696456171,728.8798351926462,463.94513035438274
412.47011953988925,525.98625107061,728.52988046011,464.0137489293898
412.82132297546457,525.9173876518697,728.1786770245347,464.08261234813006
413.17378068283693,525.8482782974829,727.8262193171623,464.1517217025168
413.5274982881882,525.7789219042768,727.472501711811,464.22107809572293
413.88248147595607,525.7093173576557,727.1175185240431,464.29068264234405
414.23873598968214,525.6394635314349,726.7612640103171,464.3605364685649
414.5962676328764,525.5693592876713,726.4037323671228,464.43064071232845
414.9550822698984,525.4990034764905,726.0449177301008,464.50099652350923
415.31518582685555,525.4283949359107,725.6848141731436,464.57160506408906
415.67658429251907,525.3575324916629,725.3234157074801,464.64246750833684
416.03928371925787,525.2864149570082,724.9607162807413,464.7135850429915
416.4032902239908,525.2150411325508,724.5967097760083,464.78495886744895
416.76860998915794,525.1434098060474,724.2313900108411,464.85659019395234
417.1352492637113,525.0715197522135,723.8647507362878,464.92848024778635
417.5032143641249,524.9993697325245,723.4967856358741,465.0006302674753
417.8725116754259,524.9269584950146,723.127488324573,465.07304150498527
418.2431476522458,524.8542847740695,722.7568523477532,465.14571522593036
418.6151288198934,524.781347290217,722.3848711801056,465.2186527097828
418.9884617754498,524.7081447499119,722.0115382245492,465.291855250088
419.36315318888546,524.6346758453167,721.6368468111136,465.36532415468326
419.73920980420036,524.5609392540784,721.2607901957988,465.4390607459215
420.11663844058796,524.4869336391005,720.8833615594111,465.5130663608995
420.4954459936233,524.4126576483093,720.5045540063758,465.5873423516907
420.8756394364758,524.3381099144167,720.1243605635233,465.66189008558337
421.2572258211475,524.2632890546771,719.7427741788516,465.7367109453229
421.6402122797376,524.1881936706399,719.3597877202615,465.8118063293602
422.0246060257341,524.1128223478954,718.975393974265,465.8871776521046
422.410414355332,524.0371736558174,718.5895856446671,465.9628263441826
422.797644648781,523.961246147298,718.2023553512181,466.038753852702
423.1863043717611,523.8850383584784,717.8136956282381,466.1149616415216
423.5764010767888,523.8085488084729,717.4235989232104,466.191451191527
423.96794240465346,523.7317759990876,717.0320575953457,466.2682240009122
424.3609360858852,523.6547184145323,716.639063914114,466.34528158546743
424.75538994225496,523.5773745211266,716.2446100577442,466.4226254788733
425.15131188830776,523.4997427669986,715.8486881116914,466.50025723300126
425.54870993293,523.4218215817785,715.4512900670692,466.57817841822134
425.9475921809519,523.343609376284,715.0524078190473,466.6563906237158
426.3479668347856,523.265104542199,714.6520331652137,466.73489545780086
426.7498421961003,523.186305451745,714.2501578038989,466.8136945482547
427.1532266675357,523.107210457346,713.8467733324635,466.8927895426538
427.558128754454,523.0278178912836,713.4418712455453,466.9721821087162
427.9645570667324,522.9481260653466,713.0354429332668,467.05187393465314
428.372520320597,522.8681332704712,712.6274796794022,467.13186672952855
428.7820273404987,522.7878377763728,712.2179726595006,467.21216222362693
429.19308706103334,522.70723783117,711.8069129389659,467.2927621688298
429.6057085289066,522.6263316609987,711.3942914710926,467.37366833900103
430.01990090494496,522.5451174696186,710.9800990950542,467.4548825303811
430.43567346615487,522.4635934380088,710.5643265338443,467.5364065619909
430.85303560783035,522.3817577239548,710.1469643921688,467.6182422760449
431.27199684571144,522.2996084616252,709.7280031542878,467.7003915383745
431.69256681819445,522.2171437611383,709.3074331818048,467.78285623886137
432.1147552885959,522.1343617081185,708.8852447114033,467.8656382918813
432.5385721474716,522.0512603632409,708.4614278525275,467.9487396367589
432.96402741499236,521.9678377617662,708.0359725850068,468.0321622382335
433.39113124337854,521.884091913063,707.6088687566206,468.1159080869367
433.81989391939476,521.8000208001187,707.1801060806044,468.19997919988106
434.2503258669068,521.7156223790379,706.7496741330924,468.28437762096183
434.6824376495027,521.6308945785289,706.3175623504966,468.3691054214708
435.1162399731799,521.5458352993766,705.8837600268193,468.4541647006232
435.5517436891009,521.4604424139019,705.4482563108984,468.5395575860979
435.98895979641856,521.3747137654083,705.0110402035807,468.62528623459156
436.4278994451749,521.2886471676129,704.5721005548244,468.7113528323869
436.86857393927386,521.2022404040641,704.1314260607254,468.79775959593576
437.3109947395322,521.1154912275429,703.6890052604671,468.884508772457
437.7551734668095,521.0283973594493,703.2448265331898,468.9716026405506
438.2011219052209,520.9409564891725,702.7988780947784,469.05904351082734
438.64885200543495,520.8531662734443,702.3511479945643,469.1468337265556
439.0983758880592,520.7650243356749,701.90162411194,469.2349756643251
439.54970584711657,520.6765282652715,701.4502941528826,469.32347173472846
440.0028543536156,520.5876756169383,700.9971456463836,469.4123243830616
440.45783405921753,520.4984639099575,700.5421659407817,469.5015360900424
440.91465780000385,520.4088906274504,700.0853421999955,469.5911093725495
441.3733386003472,520.3189532156184,699.6266613996521,469.6810467843815
441.83388967688967,520.228649082963,699.1661103231096,469.7713509170369
442.29632444263177,520.1379755994841,698.7036755573675,469.86202440051574
442.7606565111361,520.0469300958558,698.2393434888631,469.95306990414406
443.2268997008501,519.9555098625785,697.7731002991492,470.0444901374213
443.69506803955085,519.8637121491078,697.3049319604484,470.136287850892
444.16517576891806,519.7715341629573,696.8348242310811,470.22846583704245
444.6372373492379,519.6789730687769,696.3627626507613,470.32102693122283
445.1112674642439,519.5860259874032,695.8887325357553,470.41397401259655
445.58728102609876,519.4926899948827,695.4127189739004,470.5073100051171
446.065293180523,519.3989621214662,694.9347068194761,470.60103787853365
446.54531931207515,519.3048393505736,694.4546806879239,470.6951606494262
446.9361700845947,519.2282019441973,694.0638299154043,470.7717980558026
447.2548016764962,519.1657251614715,693.7451983235028,470.83427483852836
447.514946306716,519.1147164104481,693.4850536932829,470.8852835895519
447.7277251925652,519.0729950602815,693.2722748074337,470.92700493971836
447.90214497812985,519.0387951023276,693.097855021869,470.96120489767225
448.04549978345955,519.0106863169689,692.9545002165394,470.989313683031
448.16369681543915,518.9875104283454,692.8363031845597,471.0124895716545
448.26152007149585,518.9683293977461,692.738479928503,471.0316706022539
448.3428439053527,518.9523835479702,692.6571560946461,471.04761645202973
448.4108059869101,518.9390576496256,692.5891940130887,471.0609423503743
448.46794737633894,518.9278534556199,692.5320526236599,471.07214654437996
448.51632596485314,518.918367457872,692.4836740351457,471.08163254212786
448.55760834596197,518.9102728733409,692.4423916540369,471.089727126659
448.59314421828583,518.9033050552382,692.406855781713,471.09669494476174
448.62402664130764,518.8972496781751,692.3759733586912,471.10275032182483
448.65114083394894,518.891933169814,692.3488591660499,471.10806683018586
448.6752036944296,518.8872149618767,692.3247963055693,471.11278503812326
448.696795805671,518.8829812145744,692.3032041943279,471.1170187854255
448.71638735505394,518.8791397343033,692.2836126449449,471.12086026569665
448.73435912567146,518.8756158577116,692.2656408743273,471.1243841422883
448.751019496198,518.8723491183927,692.2489805038008,471.1276508816072
448.76661820831225,518.8692905473898,692.2333817916865,471.13070945261
448.781357516305,518.866400486999,692.2186424836938,471.1335995130007
448.7954012166357,518.8636468202675,692.204598783363,471.1363531797322
448.8088819605551,518.8610035371461,692.1911180394436,471.1389964628537
448.82190717626094,518.8584495732822,692.1780928237378,471.1415504267176
448.83456386497784,518.8559678696122,692.1654361350209,471.14403213038753
448.84692248508,518.8535446107686,692.1530775149187,471.1464553892311
448.85904009766165,518.8511686083016,692.1409599023369,471.1488313916981
448.8709629139883,518.8488308011787,692.1290370860103,471.151169198821
448.8827283585584,518.846523851263,692.1172716414402,471.1534761487367
448.8943667398807,518.8442418157096,692.1056332601179,471.15575818429005
448.9059026035589,518.841979881655,692.0940973964397,471.1580201183446
448.9173558280913,518.8397341513545,692.0826441719073,471.16026584864505
448.92874251230774,518.8375014681748,692.0712574876909,471.1624985318247
448.94007569406295,518.8352792756738,692.0599243059357,471.1647207243257
448.95136593227267,518.8330655034758,692.048634067726,471.1669344965237
448.9626217782772,518.8308584748474,692.0373782217214,471.16914152515204
448.9738501575767,518.8286568318475,692.0261498424219,471.17134316815196
448.9850566789804,518.8264594747095,692.0149433210181,471.1735405252899
448.99624588497227,518.8242655127503,692.0037541150263,471.1757344872491
449.00742145446986,518.8220742246135,691.9925785455287,471.17792577538586
449.0185863670298,518.8198850260724,691.9814136329687,471.180114973927
449.0297430358293,518.8176974439548,691.9702569641692,471.1823025560446
449.0408934153623,518.8155110950267,691.9591065846362,471.1844889049726
449.0520390886568,518.8133256688906,691.9479609113416,471.1866743311088
449.0631813379086,518.8111409141353,691.9368186620898,471.18885908586407
449.07432120168386,518.8089566271206,691.9256787983145,471.1910433728788
449.0854595212449,518.806772642893,691.9145404787535,471.1932273571065
449.09659697806717,518.8045888278298,691.9034030219312,471.19541117216966
449.10773412422253,518.8024050736817,691.8922658757758,471.1975949263178
449.11887140698525,518.8002212927479,691.8811285930132,471.19977870725165
449.13000918875906,518.7980374139687,691.8699908112393,471.20196258603085
449.1411477632154,518.7958533797616,691.858852236783,471.20414662023796
449.1522873683626,518.7936691434583,691.8477126316359,471.20633085654134
449.1634281971305,518.7914846672293,691.836571802868,471.20851533277033
449.1745704059421,518.7892999204034,691.8254295940563,471.21070007959617
449.1857141216554,518.7871148781068,691.8142858783431,471.2128851218929
449.19685944718503,518.7849295201597,691.8031405528134,471.2150704798399
449.2080064660556,518.7827438301852,691.7919935339428,471.2172561698145
449.21915524608846,518.7805577948845,691.78084475391,471.21944220511506
449.23030584238785,518.7783714034533,691.7696941576105,471.22162859654634
449.2414582997593,518.776184647106,691.758541700239,471.22381535289367
449.2526126546679,518.7739975186926,691.7473873453304,471.22600248130715
449.26376893682453,518.7718100123874,691.7362310631737,471.2281899876124
449.27492717047,518.7696221234373,691.7250728295282,471.2303778765625
449.2860873754156,518.7674338479578,691.7139126245827,471.232566152042
449.29724956788533,518.7652451827677,691.7027504321129,471.23475481723216
449.30841376119827,518.7630561252554,691.6915862388,471.2369438747445
449.3195799663209,518.7608666732706,691.6804200336774,471.2391333267293
449.33074819231473,518.7586768250364,691.6692518076835,471.2413231749634
449.3419184466987,518.7564865790788,691.6580815532996,471.24351342092103
449.3530907357424,518.7542959341682,691.6469092642558,471.24570406583155
449.36426506470406,518.7521048892738,691.6357349352941,471.247895110726
449.3754414380228,518.7499134435251,691.6245585619754,471.2500865564748
449.3866198594745,518.7477215961816,691.6133801405238,471.25227840381825
449.3978003322981,518.7455293466084,691.6021996677001,471.25447065339154
449.40898285929796,518.7433366942554,691.5910171407003,471.25666330574444
449.4201674429264,518.7411436386419,691.5798325570718,471.25885636135786
449.43135408535096,518.738950179343,691.5686459146472,471.2610498206568
449.44254278850855,518.7367563159787,691.5574572114896,471.26324368402106
449.45373355414955,518.7345620482059,691.5462664458486,471.2654379517938
449.4649263838733,518.7323673757111,691.5350736161248,471.26763262428864
449.4761212791571,518.7301722982045,691.523878720841,471.26982770179524
449.48731824137934,518.7279768154158,691.5126817586188,471.27202318458393
449.49851727183864,518.7257809270905,691.5014827281594,471.27421907290926
449.5097183717691,518.7235846329864,691.490281628229,471.27641536701327
449.52092154235265,518.7213879328721,691.4790784576454,471.2786120671277
449.53212678472914,518.7191908265237,691.4678732152689,471.28080917347603
449.54333410000453,518.7169933137246,691.4566658999936,471.28300668627514
449.5545434892573,518.7147953942633,691.4454565107408,471.28520460573645
449.56575495354406,518.7125970679326,691.4342450464541,471.2874029320672
449.5769684939036,518.7103983345288,691.4230315060945,471.289601665471
449.5881841113606,518.708199193851,691.4118158886375,471.29180080614884
449.5994018069283,518.7059996457004,691.4005981930699,471.2940003542994
449.610621581611,518.7037996898803,691.3893784183872,471.2962003101195
449.6218434364056,518.701599326195,691.3781565635926,471.29840067380474
449.6330673723035,518.6993985544503,691.3669326276947,471.30060144554943
449.6442933902915,518.6971973744527,691.3557066097067,471.3028026255471
449.65552149135306,518.6949957860093,691.3444785086451,471.3050042139905
449.6667516764687,518.6927937889278,691.3332483235295,471.307206211072
449.67798394661713,518.6905913830163,691.322016053381,471.3094086169835
449.6892183027754,518.6883885680834,691.3107816972228,471.3116114319165
449.7004547459195,518.6861853439375,691.2995452540786,471.3138146560624
449.7116932770248,518.6839817103875,691.2883067229733,471.31601828961243
449.722933897066,518.6817776672422,691.277066102932,471.3182223327578
449.73417660701773,518.6795732143105,691.2658233929803,471.3204267856895
449.74542140785445,518.6773683514014,691.2545785921436,471.32263164859864
449.75666830055076,518.6751630783236,691.2433316994473,471.32483692167636
449.7679172860815,518.6729573948862,691.2320827139165,471.3270426051138
449.7791683654218,518.6707513008979,691.2208316345763,471.32924869910204
449.79042153954714,518.6685447961675,691.209578460451,471.3314552038325
449.80167680943345,518.6663378805034,691.1983231905647,471.33366211949647
449.81293417605724,518.6641305537145,691.1870658239409,471.33586944628547
449.8241936403955,518.6619228156089,691.1758063596026,471.338077184391
449.83545520342585,518.6597146659951,691.1645447965722,471.3402853340048
449.84671886612654,518.6575061046813,691.1532811338715,471.3424938953187
449.85798462947633,518.6552971314754,691.1420153705217,471.3447028685245
449.8692524944548,518.6530877461855,691.1307475055432,471.3469122538144
449.8805224620421,518.6508779486194,691.119477537956,471.34912205138056
449.89179453321907,518.6486677385847,691.108205466779,471.3513322614153
449.9030687089672,518.6464571158889,691.096931291031,471.353542884111
449.91434499026883,518.6442460803396,691.0856550097294,471.35575391966034
449.9256233781068,518.642034631744,691.0743766218915,471.35796536825603
449.9369038734648,518.6398227699091,691.0630961265334,471.3601772300909
449.9481864773273,518.6376104946419,691.051813522671,471.36238950535807
449.95947119067927,518.6353978057493,691.040528809319,471.3646021942506
449.97075801450654,518.6331847030381,691.0292419854917,471.3668152969618
449.98204694979574,518.6309711863147,691.0179530502026,471.3690288136852
449.9933379975341,518.6287572553856,691.0066620024642,471.3712427446143
450.0046311587097,518.6265429100571,690.9953688412886,471.3734570899428
450.01592643431115,518.6243281501352,690.9840735656871,471.37567184986466
450.02722382532806,518.6221129754259,690.9727761746702,471.37788702457385
450.0385233327506,518.6198973857353,690.9614766672477,471.38010261426456
450.0498249575697,518.6176813808688,690.9501750424286,471.38231861913107
450.0611287007771,518.615464960632,690.9388712992212,471.3845350393678
450.0724345633652,518.6132481248304,690.9275654366331,471.3867518751694
450.08374254632724,518.6110308732692,690.916257453671,471.3889691267306
450.0950526506571,518.6088132057536,690.9049473493412,471.39118679424627
450.1063648773495,518.6065951220884,690.8936351226488,471.39340487791145
450.11767922739983,518.6043766220785,690.8823207725985,471.3956233779213
450.12899570180423,518.6021577055286,690.8710042981941,471.3978422944712
450.1403143015596,518.5999383722433,690.8596856984386,471.4000616277566
450.1516350276637,518.5977186220268,690.8483649723346,471.4022813779731
450.16295788111483,518.5954984546835,690.8370421188835,471.40450154531646
450.1742828629122,518.5932778700173,690.8257171370861,471.4067221299826
450.1856099740557,518.5910568678323,690.8143900259427,471.4089431321676
450.19693921554597,518.5888354479323,690.8030607844523,471.4111645520677
450.20827058838444,518.5866136101208,690.7917294116138,471.4133863898792
450.21960409357325,518.5843913542014,690.7803959064249,471.41560864579856
450.23093973211536,518.5821686799775,690.7690602678828,471.4178313200225
450.24227750501444,518.5799455872522,690.7577224949837,471.42005441274785
450.2536174132749,518.5777220758285,690.7463825867233,471.42227792417145
450.26495945790197,518.5754981455095,690.7350405420963,471.4245018544905
450.2763036399015,518.5732737960979,690.7236963600967,471.42672620390215
450.28764996028025,518.5710490273962,690.712350039718,471.42895097260384
450.2989984200457,518.5688238392069,690.7010015799526,471.43117616079314
450.310349020206,518.5665982313323,690.6896509797923,471.4334017686677
450.32170176177016,518.5643722035745,690.6782982382282,471.43562779642536
450.3330566457479,518.5621457557357,690.6669433542504,471.43785424426414
450.34441367314975,518.5599188876178,690.6555863268486,471.44008111238213
450.355772844987,518.5576915990222,690.6442271550114,471.44230840097765
450.36713416227155,518.5554638897507,690.6328658377269,471.44453611024915
450.3784976260163,518.5532357596047,690.621502373982,471.44676424039517
450.3898632372348,518.5510072083854,690.6101367627635,471.4489927916145
450.40123099694136,518.5487782358939,690.598769003057,471.451221764106
450.41260090615106,518.5465488419312,690.5873990938472,471.4534511580687
450.4239729658797,518.5443190262981,690.5760270341185,471.45568097370176
450.435347177144,518.5420887887954,690.5646528228542,471.4579112112046
450.44672354096133,518.5398581292234,690.5532764590369,471.4601418707766
450.4581020583498,518.5376270473824,690.5418979416484,471.4623729526175
450.4694827303284,518.5353955430729,690.5305172696698,471.464604456927
450.4808655579168,518.5331636160948,690.5191344420814,471.46683638390516
450.4922505421354,518.530931266248,690.5077494578627,471.46906873375195
450.5036376840056,518.5286984933323,690.4963623159925,471.47130150666766
450.5150269845493,518.5264652971473,690.4849730154488,471.4735347028527
450.5264184447894,518.5242316774924,690.4735815552087,471.47576832250763
450.5378120657494,518.5219976341668,690.4621879342487,471.4780023658331
450.54920784845365,518.5197631669699,690.4507921515445,471.48023683303
450.56060579392727,518.5175282757006,690.4393942060709,471.48247172429933
450.5720059031962,518.5152929601576,690.427994096802,471.48470703984225
450.5834081772871,518.5130572201398,690.4165918227111,471.48694277986004
450.5948126172274,518.5108210554456,690.4051873827708,471.4891789445542
450.6062192240454,518.5085844658735,690.3937807759528,471.49141553412636
450.61762799877005,518.5063474512216,690.3823720012281,471.49365254877824
450.62903894243124,518.504110011288,690.3709610575669,471.4958899887118
450.6404520560595,518.5018721458707,690.3595479439387,471.4981278541291
450.6518673406862,518.4996338547675,690.3481326593119,471.50036614523236
450.6632847973435,518.4973951377758,690.3367152026545,471.502604862224
450.6747044270644,518.4951559946933,690.3252955729337,471.50484400530655
450.6861262308825,518.4929164253172,690.3138737691155,471.50708357468267
450.6975502098324,518.4906764294446,690.3024497901656,471.5093235705552
450.70897636494936,518.4884360068727,690.2910236350486,471.51156399312714
450.7204046972695,518.4861951573981,690.2795953027285,471.5138048426017
450.7318352078297,518.4839538808177,690.2681647921682,471.51604611918214
450.7432678976676,518.4817121769279,690.2567321023304,471.51828782307194
450.75470276782164,518.4794700455251,690.2452972321763,471.5205299544747
450.7661398193311,518.4772274864056,690.2338601806669,471.5227725135942
450.777579053236,518.4749844993654,690.2224209467619,471.52501550063437
450.78902047057727,518.4727410842005,690.2109795294207,471.52725891579934
450.80046407239644,518.4704972407065,690.1995359276016,471.5295027592933
450.8119098597359,518.4682529686792,690.188090140262,471.53174703132066
450.823357833639,518.4660082679138,690.176642166359,471.53399173208595
450.8348079951497,518.4637631382059,690.1651920048483,471.53623686179395
450.8462603453127,518.4615175793504,690.1537396546853,471.5384824206495
450.8577148851738,518.4592715911423,690.1422851148242,471.54072840885755
450.8691716157793,518.4570251733765,690.1308283842187,471.5429748266233
450.88063053817643,518.4547783258477,690.1193694618216,471.5452216741522
450.8920916534132,518.4525310483502,690.1079083465848,471.5474689516496
450.90355496253846,518.4502833406787,690.0964450374596,471.54971665932123
450.9150204666018,518.448035202627,690.0849795333962,471.5519647973729
450.9264881666536,518.4457866339894,690.0735118333444,471.5542133660105
450.93795806374516,518.4435376345597,690.0620419362527,471.5564623654402
450.94943015892846,518.4412882041315,690.0505698410694,471.5587117958683
450.9609044532564,518.4390383424986,690.0390955467415,471.56096165750125
450.97238094778254,518.4367880494543,690.0276190522153,471.5632119505456
450.9838596435614,518.4345373247918,690.0161403564365,471.56546267520815
450.9953405416482,518.4322861683041,690.0046594583497,471.56771383169576
451.006823643099,518.4300345797843,689.9931763568989,471.5699654202155
451.0183089489707,518.4277825590252,689.9816910510272,471.57221744097467
451.02979646032094,518.4255301058192,689.9702035396768,471.5744698941806
451.0412861782083,518.423277219959,689.9587138217895,471.5767227800409
451.05277810369205,518.4210239012367,689.9472218963057,471.5789760987632
451.06427223783237,518.4187701494445,689.9357277621654,471.5812298505554
451.0757685816901,518.4165159643744,689.9242314183076,471.5834840356256
451.0872671363271,518.4142613458181,689.9127328636706,471.58573865418185
451.0987679028059,518.4120062935674,689.9012320971918,471.5879937064326
451.11027088218987,518.4097508074137,689.8897291178079,471.5902491925863
451.12177607554327,518.4074948871483,689.8782239244545,471.5925051128517
451.1332834839311,518.4052385325625,689.8667165160666,471.59476146743754
451.1447931084192,518.4029817434472,689.8552068915785,471.5970182565529
451.1563049500743,518.4007245195933,689.8436950499234,471.5992754804068
451.1678190099638,518.3984668607914,689.832180990034,471.60153313920864
451.1793352891561,518.396208766832,689.8206647108417,471.6037912331679
451.19085378872023,518.3939502375057,689.8091462112776,471.6060497624942
451.2023745097262,518.3916912726025,689.7976254902716,471.60830872739734
451.21389745324484,518.3894318719126,689.786102546753,471.61056812808727
451.22542262034773,518.3871720352258,689.7745773796502,471.6128279647741
451.2369500121073,518.3849117623319,689.7630499878907,471.61508823766815
451.2484796295968,518.3826510530201,689.7515203704012,471.6173489469798
451.2600114738903,518.3803899070803,689.7399885261077,471.6196100929197
451.2715455460628,518.3781283243013,689.7284544539352,471.6218716756986
451.28308184719,518.3758663044724,689.716918152808,471.62413369552746
451.29462037834844,518.3736038473826,689.7053796216495,471.62639615261736
451.30616114061564,518.3713409528204,689.6938388593824,471.62865904717955
451.3177041350698,518.3690776205746,689.6822958649283,471.63092237942544
451.32924936278994,518.3668138504333,689.6707506372081,471.63318614956665
451.34079682485606,518.3645496421851,689.659203175142,471.63545035781493
451.35234652234885,518.3622849956179,689.6476534776492,471.63771500438213
451.36389845634994,518.3600199105197,689.6361015436481,471.6399800894804
451.3754526279418,518.3577543866782,689.6245473720563,471.6422456133219
451.3870090382076,518.355488423881,689.6129909617905,471.6445115761191
451.39856768823154,518.3532220219155,689.6014323117666,471.6467779780846
451.41012857909845,518.350955180569,689.5898714208997,471.649044819431
451.4216917118942,518.3486878996287,689.578308288104,471.65131210037134
451.4332570877054,518.3464201788813,689.5667429122929,471.6535798211186
451.44482470761943,518.3441520181138,689.5551752923787,471.6558479818861
451.4563945727247,518.3418834171129,689.5436054272735,471.65811658288715
451.46796668411037,518.3396143756647,689.5320333158878,471.66038562433533
451.4795410428664,518.3373448935557,689.5204589571318,471.66265510644433
451.49111765008365,518.3350749705719,689.5088823499146,471.6649250294281
451.5026965068538,518.3328046064993,689.4973034931445,471.66719539350066
451.5142776142694,518.3305338011237,689.4857223857289,471.66946619887625
451.52586097342385,518.3282625542307,689.4741390265744,471.6717374457693
451.5374465854114,518.3259908656057,689.4625534145869,471.6740091343943
451.5490344513271,518.323718735034,689.4509655486711,471.676281264966
451.56062457226693,518.3214461623007,689.4393754277313,471.6785538376993
451.5722169493277,518.3191731471908,689.4277830506705,471.6808268528093
451.58381158360703,518.316899689489,689.4161884163913,471.6831003105111
451.59540847620343,518.3146257889799,689.4045915237949,471.68537421102025
451.60700762821625,518.312351445448,689.392992371782,471.6876485545522
451.61860904074575,518.3100766586775,689.3813909592526,471.6899233413227
451.63021271489293,518.3078014284525,689.3697872851054,471.69219857154764
451.64181865175976,518.305525754557,689.3581813482385,471.6944742454431
451.65342685244906,518.3032496367748,689.3465731475493,471.6967503632253
451.66503731806444,518.3009730748894,689.3349626819339,471.6990269251107
451.6766500497104,518.2986960686843,689.3233499502879,471.70130393131575
451.6882650484924,518.2964186179428,689.311734951506,471.7035813820573
451.69988231551656,518.2941407224479,689.3001176844818,471.70585927755224
451.71150185189003,518.2918623819825,689.2884981481084,471.70813761801764
451.72312365872074,518.2895835963294,689.2768763412777,471.7104164036707
451.7347477371176,518.2873043652712,689.2652522628808,471.7126956347289
451.7463740881902,518.2850246885903,689.2536259118082,471.71497531140983
451.75800271304917,518.2827445660689,689.2419972869492,471.7172554339312
451.76963361280593,518.2804639974892,689.2303663871925,471.71953600251095
451.7812667885728,518.2781829826329,689.2187332114256,471.7218170173672
451.7929022414629,518.2759015212819,689.2070977585355,471.7240984787182
451.8045399725903,518.2736196132176,689.1954600274081,471.7263803867824
451.8161799830699,518.2713372582216,689.1838200169285,471.7286627417784
451.8278222740175,518.269054456075,689.1721777259809,471.730945543925
451.8394668465497,518.2667712065588,689.1605331534486,471.7332287934411
451.8511137017842,518.264487509454,689.1488862982142,471.73551249054594
451.86276284083925,518.2622033645413,689.1372371591591,471.7377966354587
451.8744142648342,518.2599187716011,689.1255857351641,471.7400812283989
451.88606797488916,518.2576337304138,689.1139320251092,471.7423662695861
451.8977239721252,518.2553482407596,689.1022760278731,471.74465175924024
451.90938225766433,518.2530623024187,689.0906177423341,471.74693769758125
451.92104283262927,518.2507759151707,689.0789571673691,471.7492240848293
451.9327056981437,518.2484890787954,689.0672943018548,471.75151092120467
451.9443708553322,518.2462017930721,689.0556291446662,471.7537982069279
451.9560383053202,518.2439140577803,689.0439616946783,471.75608594221967
451.96770804923403,518.2416258726992,689.0322919507644,471.75837412730084
451.97938008820097,518.2393372376076,689.0206199117974,471.76066276239237
451.9910544233491,518.2370481522845,689.0089455766494,471.76295184771556
452.00273105580743,518.2347586165083,688.9972689441911,471.7652413834917
452.0144099867058,518.2324686300576,688.9855900132927,471.76753136994233
452.026091217175,518.2301781927107,688.9739087828235,471.76982180728925
452.0377747483467,518.2278873042457,688.9622252516518,471.7721126957543
452.0494605813534,518.2255959644405,688.9505394186451,471.77440403555954
452.0611487173286,518.2233041730727,688.9388512826699,471.7766958269272
452.07283915740663,518.2210119299202,688.9271608425919,471.7789880700798
452.0845319027227,518.2187192347602,688.9154680972758,471.7812807652398
452.09622695441294,518.21642608737,688.9037730455856,471.78357391263
452.1079243136144,518.2141324875266,688.8920756863841,471.78586751247343
452.11962398146494,518.2118384350069,688.8803760185336,471.7881615649932
452.13132595910344,518.2095439295877,688.8686740408951,471.79045607041246
452.14303024766957,518.2072489710453,688.8569697523291,471.79275102895485
452.15473684830397,518.2049535591561,688.8452631516947,471.795046440844
452.16644576214816,518.2026576936966,688.8335542378505,471.7973423063036
452.1781569903445,518.2003613744423,688.8218430096542,471.7996386255578
452.1898705340364,518.1980646011694,688.8101294659624,471.8019353988307
452.201586394368,518.1957673736534,688.7984136056308,471.80423262634673
452.21330457248445,518.1934696916699,688.7866954275144,471.80653030833037
452.2250250695318,518.191171554994,688.774974930467,471.8088284450063
452.236747886657,518.1888729634007,688.7632521133419,471.8111270365995
452.24847302500785,518.1865739166652,688.7515269749911,471.81342608333495
452.26020048573315,518.1842744145622,688.7397995142658,471.815725585438
452.27193026998253,518.1819744568662,688.7280697300164,471.81802554313396
452.2836623789066,518.1796740433517,688.7163376210923,471.8203259566485
452.29539681365685,518.1773731737928,688.7046031863421,471.8226268262074
452.30713357538565,518.1750718479636,688.6928664246133,471.8249281520366
452.3188726652464,518.172770065638,688.6811273347525,471.8272299343622
452.3306140843932,518.1704678265896,688.6693859156057,471.8295321734106
452.3423578339812,518.168165130592,688.6576421660177,471.8318348694083
452.3541039151666,518.1658619774184,688.6458960848323,471.8341380225819
452.36585232910625,518.163558366842,688.6341476708926,471.8364416331583
452.3776030769581,518.1612542986358,688.6223969230408,471.83874570136453
452.38935615988095,518.1589497725724,688.610643840118,471.84105022742784
452.40111157903453,518.1566447884247,688.5988884209644,471.8433552115756
452.4128693355795,518.1543393459649,688.5871306644194,471.84566065403544
452.42462943067744,518.1520334449654,688.5753705693214,471.84796655503504
452.4363918654909,518.149727085198,688.563608134508,471.85027291480236
452.4481566411833,518.1474202664348,688.5518433588156,471.85257973356556
452.45992375891893,518.1451129884474,688.54007624108,471.85488701155293
452.4716932198631,518.1428052510074,688.5283067801358,471.857194748993
452.483465025182,518.1404970538861,688.5165349748169,471.85950294611433
452.49523917604284,518.1381883968545,688.5047608239561,471.86181160314584
452.50701567361364,518.1358792796838,688.4929843263853,471.8641207203166
452.51879451906336,518.1335697021447,688.4812054809356,471.86643029785574
452.530575713562,518.1312596640076,688.469424286437,471.86874033599275
452.5423592582803,518.1289491650433,688.4576407417186,471.87105083495715
452.55414515439026,518.1266382050218,688.4458548456087,471.8733617949787
452.56593340306443,518.1243267837131,688.4340665969345,471.87567321628734
452.57772400547657,518.1220149008872,688.4222759945224,471.87798509911323
452.5895169628012,518.1197025563137,688.4104830371977,471.8802974436867
452.60131227621395,518.1173897497621,688.3986877237849,471.8826102502382
452.61310994689126,518.1150764810018,688.3868900531075,471.88492351899845
452.62490997601054,518.112762749802,688.3750900239883,471.8872372501983
452.63671236475017,518.1104485559315,688.3632876352486,471.88955144406884
452.64851711428946,518.108133899159,688.3514828857094,471.89186610084124
452.6603242258086,518.1058187792534,688.3396757741903,471.89418122074693
452.6721337004888,518.1035031959827,688.32786629951,471.89649680401754
452.68394553951225,518.1011871491154,688.3160544604865,471.8988128508849
452.695759744062,518.0988706384194,688.3042402559367,471.9011293615809
452.70757631532206,518.0965536636625,688.2924236846767,471.90344633633777
452.71939525447743,518.0942362246124,688.2806047455214,471.9057637753878
452.731216562714,518.0919183210366,688.2687834372848,471.9080816789636
452.74304024121864,518.0895999527023,688.2569597587801,471.91040004729786
452.7548662911792,518.0872811193767,688.2451337088195,471.91271888062346
452.7666947137845,518.0849618208266,688.2333052862142,471.9150381791735
452.7785255102242,518.0826420568188,688.2214744897744,471.9173579431813
452.79035868168904,518.0803218271199,688.2096413183097,471.91967817288025
452.8021942293706,518.078001131496,688.1978057706281,471.9219988685041
452.8140321544616,518.0756799697134,688.1859678455371,471.92432003028665
452.82587245815546,518.0733583415381,688.1741275418432,471.9266416584619
452.83771514164675,518.0710362467358,688.1622848583519,471.9289637532641
452.849560206131,518.0687136850722,688.1504397938677,471.93128631492766
452.8614076528046,518.0663906563127,688.1385923471942,471.9336093436872
452.8732574828649,518.0640671602224,688.1267425171338,471.9359328397774
452.8851096975103,518.0617431965665,688.1148903024884,471.9382568034334
452.89696429794014,518.0594187651096,688.1030357020586,471.9405812348902
452.9088212853547,518.0570938656166,688.091178714644,471.94290613438324
452.9206806609552,518.0547684978518,688.0793193390434,471.94523150214803
452.93254242594395,518.0524426615794,688.0674575740547,471.9475573384203
452.94440658152405,518.0501163565638,688.0555934184746,471.949883643436
452.9562731288997,518.0477895825685,688.0437268710989,471.9522104174312
452.96814206927604,518.0454623393574,688.0318579307226,471.95453766064225
452.9800134038592,518.043134626694,688.0199865961395,471.9568653733056
452.99188713385615,518.0408064443417,688.0081128661425,471.959193555658
453.003763260475,518.0384777920634,687.9962367395236,471.9615222079362
453.0156417849248,518.0361486696223,687.9843582150738,471.96385133037734
453.0275227084155,518.033819076781,687.9724772915831,471.96618092321864
453.0394060321581,518.0314890133021,687.9605939678405,471.9685109866976
453.0512917573646,518.0291584789479,687.948708242634,471.9708415210518
453.06317988524785,518.0268274734806,687.9368201147507,471.9731725265191
453.07507041702183,518.0244959966622,687.9249295829768,471.9755040033375
453.0869633539014,518.0221640482544,687.9130366460972,471.97783595174525
453.09885869710246,518.0198316280189,687.9011413028961,471.98016837198077
453.1107564478419,518.017498735717,687.8892435521567,471.98250126428263
453.12265660733743,518.01516537111,687.8773433926611,471.9848346288896
453.134559176808,518.0128315339589,687.8654408231905,471.98716846604066
453.1464641574734,518.0104972240244,687.853535842525,471.98950277597504
453.1583715505545,518.0081624410674,687.841628449444,471.9918375589321
453.170281357273,518.005827184848,687.8297186427255,471.9941728151514
453.1821935788517,518.0034914551268,687.8178064211469,471.9965085448727
453.1941082165144,518.0011552516635,687.8058917834842,471.99884474833596
453.2060252714858,517.9988185742181,687.7939747285128,472.00118142578134
453.21794474499177,517.9964814225503,687.7820552550069,472.0035185774492
453.229866638259,517.9941437964195,687.7701333617397,472.00585620358004
453.24179095251526,517.991805695585,687.7582090474834,472.0081943044146
453.25371768898924,517.9894671198058,687.7462823110094,472.0105328801938
453.26564684891076,517.9871280688408,687.7343531510879,472.0128719311588
453.27757843351054,517.9847885424487,687.7224215664882,472.01521145755095
453.2895124440203,517.982448540388,687.7104875559784,472.0175514596117
453.30144888167285,517.9801080624169,687.6985511183259,472.01989193758277
453.3133877477019,517.9777671082935,687.6866122522969,472.0222328917061
453.32532904334215,517.9754256777758,687.6746709566567,472.02457432222377
453.3372727698294,517.9730837706214,687.6627272301694,472.0269162293781
453.3492189284004,517.9707413865879,687.6507810715983,472.0292586134116
453.3611675202929,517.9683985254325,687.6388324797058,472.031601474567
453.37311854674573,517.9660551869123,687.626881453253,472.0339448130872
453.3850720089987,517.9637113707843,687.6149279910001,472.0362886292152
453.3970279082925,517.9613670768051,687.6029720917062,472.0386329231944
453.408986245869,517.9590223047313,687.5910137541297,472.0409776952682
453.420947022971,517.9566770543191,687.5790529770277,472.04332294568036
453.4329102408424,517.9543313253248,687.5670897591564,472.04566867467474
453.4448759007279,517.9519851175041,687.5551240992709,472.0480148824954
453.45684400387347,517.9496384306128,687.5431559961253,472.0503615693867
453.46881455152595,517.9472912644064,687.5311854484728,472.0527087355931
453.48078754493326,517.9449436186403,687.5192124550655,472.05505638135924
453.4927629853443,517.9425954930695,687.5072370146545,472.05740450693
453.50474087400903,517.9402468874489,687.4952591259897,472.05975311255054
453.51672121217837,517.9378978015334,687.4832787878204,472.0621021984661
453.5287040011043,517.9355482350774,687.4712959988944,472.0644517649222
453.5406892420399,517.933198187835,687.4593107579589,472.06680181216444
453.5526769362391,517.9308476595606,687.4473230637597,472.0691523404388
453.564667084957,517.9284966500081,687.4353329150417,472.0715033499913
453.57665968944974,517.9261451589311,687.4233403105491,472.0738548410683
453.58865475097434,517.9237931860832,687.4113452490245,472.07620681391626
453.600652270789,517.9214407312177,687.3993477292099,472.0785592687819
453.61265225015285,517.9190877940875,687.3873477498461,472.08091220591206
453.6246546903261,517.9167343744457,687.3753453096729,472.08326562555385
453.63665959257,517.914380472045,687.363340407429,472.08561952795463
453.6486669581468,517.9120260866378,687.3513330418522,472.08797391336185
453.66067678831985,517.9096712179763,687.3393232116791,472.0903287820232
453.67268908435346,517.9073158658128,687.3273109156455,472.0926841341867
453.684703847513,517.9049600298993,687.315296152486,472.09503997010034
453.6967210790649,517.9026037099871,687.3032789209341,472.09739629001245
453.7087407802766,517.900246905828,687.2912592197224,472.0997530941716
453.7207629524167,517.8978896171731,687.2792370475823,472.10211038282654
453.7327875967546,517.8955318437735,687.2672124032445,472.1044681562261
453.74481471456096,517.89317358538,687.2551852854381,472.10682641461955
453.75684430710743,517.8908148417435,687.2431556928916,472.1091851582561
